1 394
2 459
3 374
4 356
5 318
6 320
7 319
8 285
9 274
10 269
11 235
12 217
13 219
14 213
15 204
16 208
17 220
18 216
19 226
20 201
21 199
22 208
23 201
24 196
25 212
26 229
27 231
28 229
29 237
30 216
31 225
32 210
33 216
34 224
35 229
36 241
37 246
38 246
39 253
40 234
41 218
42 221
43 218
44 240
45 228
46 224
47 232
48 243
49 249
50 257
51 254
52 276
53 228
54 216
55 201
56 178
57 186
58 183
59 179
60 183
61 178
62 183
63 183
64 172
65 176
66 172
67 175
68 177
69 178
70 193
71 201
72 183
73 188
74 190
75 194
76 192
77 189
78 181
79 180
80 176
81 168
82 192
83 159
84 165
85 142
86 153
87 136
88 127
89 111
90 112
91 109
92 112
93 102
94 101
95 100
96 120
97 103
98 111
99 106
100 123
101 122
102 130
103 137
104 124
105 144
106 119
107 122
108 116
109 115
110 129
111 119
112 125
113 145
114 121
115 122
116 101
117 96
118 91
119 95
120 97
121 102
122 106
123 117
124 119
125 117
126 125
127 115
128 124
129 136
130 127
131 125
132 127
133 137
134 116
135 109
136 109
137 106
138 108
139 111
140 104
141 127
142 117
143 125
144 119
145 126
146 106
147 119
148 116
149 133
150 125
151 146
152 124
153 132
154 124
155 126
156 118
157 116
158 108
159 103
160 112
161 120
162 113
163 123
164 96
165 100
166 92
167 97
168 94
169 96
170 105
171 94
172 96
173 78
174 82
175 73
176 77
177 74
178 80
179 81
180 69
181 75
182 63
183 67
184 59
185 56
186 58
187 57
188 54
189 64
190 53
191 57
192 55
193 55
194 59
195 53
196 54
197 55
198 44
199 55
200 47
201 49
202 50
203 53
204 54
205 53
206 54
207 49
208 54
209 52
210 70
211 52
212 60
213 59
214 62
215 70
216 61
217 61
218 62
219 64
220 65
221 56
222 41
223 35
224 33
225 32
226 32
227 32
228 32
229 32
230 32
231 32
232 32
233 32
234 32
235 32
236 32
237 32
238 32
239 32
240 32
241 32
242 32
243 32
244 32
245 32
246 32
247 32
248 32
249 32
250 32
251 32
252 32
253 32
254 32
