1 513
2 443
3 342
4 345
5 355
6 329
7 320
8 308
9 298
10 285
11 262
12 228
13 225
14 218
15 221
16 201
17 216
18 218
19 182
20 194
21 166
22 182
23 191
24 182
25 182
26 181
27 179
28 192
29 207
30 205
31 210
32 206
33 171
34 154
35 144
36 153
37 149
38 147
39 128
40 132
41 135
42 146
43 140
44 156
45 152
46 156
47 134
48 148
49 114
50 120
51 106
52 101
53 106
54 111
55 115
56 116
57 107
58 114
59 114
60 121
61 144
62 127
63 152
64 139
65 154
66 153
67 152
68 149
69 157
70 154
71 148
72 157
73 152
74 151
75 185
76 148
77 150
78 154
79 176
80 167
81 160
82 166
83 160
84 158
85 160
86 162
87 148
88 147
89 170
90 147
91 159
92 145
93 169
94 162
95 155
96 154
97 151
98 147
99 136
100 132
101 141
102 142
103 139
104 133
105 151
106 142
107 141
108 154
109 159
110 141
111 145
112 135
113 138
114 143
115 140
116 135
117 147
118 137
119 148
120 134
121 141
122 132
123 139
124 142
125 128
126 133
127 136
128 173
129 133
130 132
131 121
132 135
133 127
134 128
135 123
136 129
137 110
138 117
139 103
140 105
141 100
142 111
143 110
144 115
145 128
146 142
147 139
148 130
149 134
150 122
151 119
152 129
153 126
154 125
155 126
156 136
157 137
158 138
159 149
160 140
161 160
162 149
163 144
164 158
165 153
166 172
167 147
168 142
169 119
170 112
171 121
172 114
173 129
174 130
175 137
176 135
177 138
178 130
179 132
180 137
181 143
182 151
183 129
184 131
185 122
186 127
187 121
188 121
189 120
190 122
191 129
192 148
193 147
194 134
195 131
196 136
197 120
198 113
199 127
200 119
201 124
202 124
203 120
204 102
205 120
206 116
207 135
208 123
209 135
210 128
211 136
212 132
213 140
214 123
215 111
216 117
217 102
218 102
219 101
220 110
221 114
222 119
223 112
224 108
225 111
226 114
227 118
228 115
229 119
230 126
231 131
232 135
233 134
234 137
235 125
236 127
237 140
238 152
239 138
240 147
241 126
242 116
243 129
244 100
245 108
246 94
247 97
248 99
249 90
250 89
251 108
252 109
253 106
254 127
255 116
256 121
257 100
258 123
259 104
260 114
261 101
262 119
263 96
264 112
265 91
266 103
267 88
268 86
269 92
270 84
271 87
272 83
273 97
274 79
275 86
276 79
277 110
278 98
279 91
280 92
281 95
282 98
283 102
284 96
285 102
286 87
287 82
288 81
289 85
290 85
291 99
292 95
293 97
294 92
295 107
296 89
297 102
298 91
299 112
300 89
301 85
302 85
303 89
304 97
305 104
306 102
307 119
308 104
309 114
310 127
311 128
312 130
313 142
314 126
315 140
316 106
317 105
318 114
319 123
320 112
321 104
322 96
323 111
324 99
325 94
326 104
327 99
328 112
329 105
330 104
331 114
332 110
333 128
334 118
335 140
336 123
337 123
338 123
339 120
340 117
341 113
342 128
343 116
344 137
345 135
346 155
347 151
348 139
349 148
350 158
351 152
352 155
353 154
354 130
355 128
356 133
357 123
358 120
359 110
360 116
361 129
362 128
363 133
364 128
365 129
366 109
367 122
368 109
369 109
370 107
371 118
372 116
373 131
374 121
375 116
376 117
377 121
378 116
379 129
380 106
381 118
382 110
383 112
384 99
385 98
386 102
387 112
388 111
389 123
390 115
391 113
392 130
393 117
394 130
395 116
396 142
397 129
398 129
399 128
400 122
401 105
402 104
403 79
404 80
405 85
406 88
407 80
408 88
409 89
410 97
411 95
412 89
413 65
414 72
415 68
416 77
417 74
418 77
419 68
420 72
421 66
422 75
423 74
424 80
425 82
426 81
427 89
428 86
429 96
430 94
431 95
432 91
433 95
434 87
435 99
436 90
437 100
438 95
439 95
440 103
441 104
442 115
443 106
444 111
445 115
446 116
447 126
448 112
449 121
450 130
451 136
452 93
453 99
454 89
455 91
456 92
457 96
458 89
459 88
460 94
461 92
462 97
463 100
464 99
465 100
466 106
467 108
468 105
469 121
470 108
471 111
472 114
473 126
474 103
475 116
476 108
477 102
478 116
479 101
480 107
481 102
482 106
483 113
484 111
485 117
486 104
487 105
488 117
489 117
490 124
491 104
492 119
493 108
494 117
495 118
496 116
497 105
498 109
499 110
500 112
501 115
502 99
503 114
504 96
505 99
506 97
507 99
508 103
509 102
510 113
511 107
512 112
513 113
514 119
515 120
516 122
517 137
518 154
519 132
520 133
521 128
522 135
523 137
524 142
525 128
526 140
527 138
528 139
529 139
530 146
531 150
532 149
533 142
534 147
535 138
536 130
537 124
538 109
539 107
540 114
541 104
542 113
543 101
544 114
545 104
546 113
547 112
548 113
549 105
550 117
551 114
552 113
553 103
554 113
555 104
556 108
557 117
558 121
559 119
560 125
561 129
562 133
563 129
564 145
565 132
566 139
567 118
568 119
569 115
570 101
571 106
572 106
573 114
574 113
575 117
576 124
577 118
578 129
579 126
580 127
581 123
582 125
583 127
584 118
585 132
586 128
587 131
588 126
589 132
590 140
591 137
592 132
593 146
594 132
595 134
596 127
597 125
598 128
599 137
600 137
601 135
602 142
603 145
604 142
605 144
606 145
607 130
608 137
609 135
610 131
611 123
612 134
613 132
614 143
615 126
616 139
617 125
618 127
619 115
620 118
621 118
622 109
623 110
624 109
625 106
626 110
627 115
628 120
629 118
630 119
631 126
632 114
633 120
634 106
635 110
636 100
637 92
638 97
639 91
640 99
641 92
642 102
643 88
644 98
645 89
646 102
647 92
648 111
649 89
650 87
651 84
652 90
653 95
654 101
655 96
656 110
657 101
658 102
659 107
660 108
661 109
662 107
663 106
664 107
665 105
666 85
667 80
668 80
669 78
670 74
671 70
672 70
673 66
674 62
675 66
676 63
677 65
678 66
679 68
680 71
681 74
682 78
683 80
684 78
685 80
686 74
687 78
688 76
689 77
690 71
691 84
692 70
693 76
694 75
695 79
696 75
697 67
698 75
699 65
700 67
701 61
702 64
703 60
704 57
705 56
706 54
707 55
708 53
709 53
710 53
711 53
712 53
713 53
714 53
715 53
716 53
717 53
718 53
719 53
720 53
721 53
722 53
723 53
724 53
725 53
726 53
727 53
728 53
729 53
730 53
731 53
732 53
733 53
734 53
735 53
736 53
737 53
