1 858
2 95
3 71
4 78
5 60
6 57
7 61
8 52
9 45
10 44
11 45
12 41
13 46
14 47
15 59
16 56
17 54
18 54
19 53
20 58
21 56
22 54
23 64
24 56
25 59
26 65
27 67
28 63
29 63
30 67
31 57
32 70
33 57
34 65
35 54
36 70
37 63
38 71
39 53
40 54
41 47
42 42
43 45
44 43
45 44
46 40
47 30
48 31
49 32
50 32
51 35
52 31
53 30
54 34
55 34
56 35
57 39
58 42
59 44
60 54
61 56
62 67
63 50
64 57
65 54
66 66
67 59
68 66
69 60
70 68
71 66
72 73
73 73
74 80
75 69
76 70
77 77
78 67
79 58
80 61
81 54
82 54
83 58
84 61
85 62
86 59
87 63
88 58
89 56
90 64
91 53
92 55
93 62
94 66
95 66
96 77
97 65
98 75
99 79
100 71
101 79
102 80
103 73
104 86
105 75
106 77
107 74
108 70
109 77
110 77
111 80
112 86
113 89
114 85
115 83
116 91
117 83
118 102
119 95
120 106
121 92
122 86
123 77
124 80
125 93
126 91
127 91
128 82
129 81
130 88
131 93
132 107
133 100
134 94
135 102
136 90
137 93
138 90
139 76
140 85
141 79
142 80
143 82
144 83
145 94
146 87
147 111
148 84
149 92
150 94
151 102
152 96
153 92
154 93
155 84
156 72
157 79
158 60
159 52
160 50
161 46
162 40
163 39
164 33
165 33
166 30
167 31
168 31
169 35
170 34
171 38
172 35
173 40
174 34
175 32
176 35
177 30
178 29
179 29
180 29
181 28
182 26
183 26
184 26
185 26
186 26
187 26
188 26
189 26
190 26
191 26
192 26
193 26
194 26
195 26
196 26
197 26
198 26
199 26
200 26
201 26
202 26
203 26
204 26
205 26
206 26
207 26
208 26
209 26
210 26
211 26
