1 762
2 166
3 147
4 138
5 128
6 128
7 136
8 121
9 102
10 96
11 111
12 103
13 113
14 115
15 117
16 122
17 127
18 108
19 101
20 112
21 110
22 107
23 113
24 123
25 125
26 120
27 135
28 137
29 119
30 114
31 117
32 124
33 125
34 133
35 121
36 144
37 128
38 125
39 90
40 84
41 87
42 83
43 83
44 83
45 81
46 75
47 72
48 78
49 76
50 89
51 74
52 79
53 76
54 81
55 79
56 83
57 83
58 77
59 85
60 78
61 77
62 78
63 77
64 76
65 80
66 82
67 82
68 89
69 90
70 97
71 101
72 110
73 120
74 101
75 105
76 102
77 85
78 82
79 70
80 71
81 69
82 72
83 79
84 70
85 70
86 70
87 67
88 61
89 57
90 53
91 52
92 53
93 55
94 54
95 59
96 58
97 66
98 63
99 70
100 73
101 85
102 73
103 82
104 82
105 93
106 80
107 85
108 85
109 99
110 97
111 101
112 99
113 107
114 93
115 88
116 84
117 87
118 79
119 68
120 64
121 60
122 59
123 62
124 58
125 57
126 54
127 48
128 50
129 49
130 54
131 51
132 55
133 53
134 59
135 51
136 58
137 61
138 57
139 55
140 63
141 62
142 60
143 71
144 77
145 73
146 73
147 61
148 74
149 52
150 47
151 52
152 53
153 57
154 61
155 52
156 53
157 51
158 45
159 50
160 43
161 45
162 40
163 47
164 44
165 46
166 43
167 44
168 44
169 47
170 50
171 51
172 54
173 46
174 44
175 46
176 42
177 44
178 43
179 44
180 40
181 40
182 38
183 43
184 40
185 39
186 42
187 42
188 45
189 38
190 40
191 41
192 46
193 47
194 52
195 46
196 50
197 52
198 56
199 57
200 55
201 66
202 61
203 64
204 63
205 57
206 60
207 52
208 60
209 51
210 53
211 56
212 55
213 59
214 69
215 57
216 64
217 50
218 59
219 50
220 50
221 51
222 50
223 54
224 59
225 56
226 68
227 60
228 69
229 62
230 72
231 63
232 83
233 61
234 67
235 56
236 51
237 44
238 41
239 37
240 29
241 22
242 21
243 21
244 21
245 21
246 21
247 21
248 21
249 21
250 21
251 21
252 21
253 21
254 21
255 21
256 21
257 21
258 21
259 21
260 21
261 21
262 21
263 21
264 21
265 21
266 21
267 21
268 21
269 21
270 21
271 22
272 22
273 23
274 22
275 23
276 19
277 16
278 16
279 16
280 16
281 16
282 16
283 16
284 16
285 16
286 16
287 16
288 16
289 16
290 16
291 16
292 16
293 16
294 16
295 16
296 16
297 16
298 16
299 16
300 16
301 16
302 16
303 16
304 16
305 16
306 16
