1 249
2 253
3 212
4 220
5 204
6 200
7 200
8 189
9 192
10 195
11 187
12 181
13 179
14 161
15 185
16 155
17 164
18 155
19 152
20 166
21 149
22 156
23 149
24 148
25 143
26 147
27 136
28 157
29 127
30 119
31 107
32 117
33 122
34 128
35 125
36 122
37 118
38 123
39 131
40 128
41 136
42 136
43 132
44 141
45 146
46 158
47 153
48 157
49 172
50 184
51 185
52 174
53 203
54 155
55 163
56 124
57 116
58 109
59 126
60 102
61 96
62 98
63 94
64 101
65 108
66 110
67 122
68 111
69 125
70 124
71 100
72 110
73 97
74 95
75 93
76 98
77 96
78 96
79 90
80 91
81 90
82 95
83 103
84 94
85 95
86 101
87 95
88 88
89 88
90 85
91 85
92 82
93 92
94 99
95 116
96 100
97 97
98 109
99 102
100 109
101 106
102 93
103 104
104 104
105 107
106 99
107 117
108 108
109 111
110 107
111 98
112 106
113 94
114 95
115 96
116 109
117 112
118 124
119 122
120 133
121 122
122 127
123 125
124 122
125 125
126 122
127 120
128 120
129 116
130 113
131 99
132 103
133 111
134 113
135 113
136 92
137 101
138 78
139 66
140 57
141 56
142 58
143 58
144 52
145 58
146 50
147 58
148 50
149 52
150 54
151 57
152 64
153 62
154 68
155 64
156 74
157 76
158 77
159 82
160 76
161 79
162 77
163 72
164 71
165 80
166 78
167 73
168 73
169 82
170 55
171 56
172 53
173 53
174 50
175 57
176 53
177 51
178 59
179 49
180 50
181 52
182 54
183 64
184 60
185 60
186 63
187 68
188 81
189 74
190 83
191 79
192 92
193 98
194 104
195 98
196 92
197 80
198 70
199 64
200 69
201 58
202 57
203 57
204 60
205 58
206 61
207 61
208 67
209 62
210 63
211 67
212 69
213 73
214 70
215 67
216 58
217 55
218 54
219 59
220 60
221 61
222 63
223 66
224 69
225 67
226 74
227 80
228 84
229 79
230 83
231 92
232 87
233 101
234 91
235 91
236 84
237 90
238 85
239 90
240 85
241 91
242 103
243 83
244 82
245 74
246 66
247 67
248 67
249 71
250 68
251 70
252 67
253 70
254 65
255 79
256 71
257 70
258 61
259 67
260 59
261 65
262 56
263 53
264 55
265 51
266 49
267 48
268 50
269 49
270 54
271 53
272 61
273 58
274 65
275 68
276 80
277 68
278 77
279 75
280 86
281 84
282 92
283 94
284 99
285 105
286 99
287 100
288 89
289 104
290 105
291 111
292 112
293 124
294 120
295 129
296 101
297 101
298 104
299 109
300 111
301 115
302 123
303 119
304 116
305 105
306 107
307 101
308 120
309 113
310 116
311 106
312 108
313 113
314 121
315 129
316 101
317 98
318 96
319 79
320 82
321 80
322 90
323 81
324 79
325 85
326 89
327 97
328 101
329 101
330 95
331 112
332 107
333 117
334 116
335 111
336 111
337 117
338 133
339 120
340 125
341 128
342 139
343 125
344 131
345 120
346 130
347 121
348 119
349 121
350 133
351 123
352 125
353 118
354 130
355 137
356 122
357 139
358 124
359 125
360 121
361 130
362 117
363 136
364 124
365 128
366 135
367 129
368 108
369 115
370 97
371 106
372 98
373 106
374 110
375 99
376 118
377 103
378 110
379 100
380 110
381 109
382 121
383 127
384 111
385 114
386 111
387 132
388 114
389 107
390 98
391 104
392 108
393 105
394 105
395 114
396 123
397 117
398 119
399 121
400 105
401 119
402 116
403 131
404 120
405 133
406 128
407 152
408 131
409 152
410 138
411 162
412 135
413 143
414 126
415 124
416 119
417 113
418 109
419 96
420 97
421 91
422 109
423 97
424 110
425 113
426 105
427 114
428 111
429 123
430 104
431 106
432 85
433 83
434 90
435 88
436 96
437 99
438 101
439 117
440 115
441 131
442 121
443 139
444 121
445 129
446 120
447 120
448 119
449 125
450 130
451 116
452 115
453 107
454 116
455 112
456 110
457 120
458 121
459 125
460 108
461 110
462 100
463 112
464 101
465 101
466 107
467 120
468 109
469 108
470 126
471 125
472 126
473 136
474 115
475 106
476 107
477 90
478 100
479 101
480 107
481 110
482 121
483 121
484 100
485 99
486 93
487 95
488 94
489 92
490 87
491 92
492 85
493 97
494 91
495 86
496 82
497 84
498 82
499 91
500 88
501 94
502 90
503 83
504 88
505 84
506 83
507 87
508 89
509 86
510 99
511 83
512 76
513 74
514 77
515 86
516 83
517 89
518 85
519 83
520 90
521 87
522 87
523 89
524 77
525 69
526 70
527 69
528 70
529 72
530 81
531 65
532 68
533 60
534 58
535 59
536 61
537 63
538 63
539 68
540 66
541 72
542 66
543 73
544 69
545 63
546 59
547 62
548 62
549 68
550 68
551 73
552 71
553 75
554 76
555 73
556 75
557 70
558 77
559 71
560 73
561 74
562 71
563 78
564 78
565 83
566 84
567 90
568 88
569 83
570 78
571 71
572 71
573 75
574 79
575 79
576 65
577 68
578 69
579 69
580 66
581 75
582 75
583 76
584 78
585 81
586 79
587 90
588 81
589 90
590 81
591 85
592 81
593 86
594 85
595 85
596 76
597 82
598 70
599 84
600 81
601 77
602 82
603 82
604 89
605 74
606 73
607 66
608 60
609 68
610 74
611 77
612 92
613 86
614 100
615 94
616 108
617 102
618 117
619 117
620 127
621 95
622 98
623 103
624 106
625 117
626 112
627 124
628 123
629 131
630 137
631 138
632 139
633 168
634 125
635 127
636 118
637 119
638 127
639 129
640 139
641 127
642 125
643 123
644 132
645 128
646 116
647 125
648 123
649 118
650 116
651 107
652 105
653 111
654 112
655 113
656 136
657 106
658 137
659 115
660 108
661 122
662 124
663 109
664 123
665 103
666 97
667 93
668 99
669 93
670 95
671 106
672 102
673 107
674 125
675 111
676 122
677 112
678 112
679 111
680 109
681 103
682 106
683 107
684 94
685 113
686 99
687 88
688 82
689 102
690 80
691 91
692 84
693 90
694 108
695 93
696 111
697 99
698 114
699 105
700 101
701 108
702 114
703 119
704 110
705 124
706 123
707 125
708 136
709 141
710 114
711 108
712 94
713 81
714 78
715 66
716 65
717 67
718 71
719 69
720 71
721 64
722 69
723 62
724 60
725 58
726 59
727 62
728 64
729 65
730 69
731 70
732 74
733 75
734 71
735 77
736 69
737 71
738 61
739 64
740 65
741 66
742 63
743 65
744 64
745 61
746 62
747 61
748 62
749 58
750 57
751 53
752 50
753 50
754 50
755 54
756 54
757 62
758 54
759 55
760 55
761 57
762 54
763 56
764 55
765 60
766 58
767 61
768 59
769 62
770 62
771 71
772 63
773 74
774 67
775 64
776 61
777 64
778 60
779 64
780 62
781 73
782 61
783 61
784 63
785 63
786 61
787 64
788 68
789 66
790 66
791 67
792 59
793 59
794 55
795 58
796 65
797 61
798 63
799 55
800 57
801 52
802 59
803 52
804 66
805 58
806 74
807 66
808 74
809 78
810 90
811 54
812 58
813 58
814 58
815 58
816 58
817 58
818 58
819 58
820 58
821 58
822 58
823 58
824 58
825 58
826 58
827 58
828 58
829 58
830 58
831 58
832 58
833 58
834 58
835 58
836 58
837 58
838 58
839 58
840 58
841 58
