1 145
2 86
3 68
4 76
5 73
6 78
7 76
8 73
9 79
10 82
11 90
12 76
13 84
14 81
15 82
16 71
17 71
18 69
19 68
20 66
21 62
22 70
23 66
24 62
25 67
26 57
27 64
28 65
29 68
30 69
31 74
32 66
33 72
34 66
35 67
36 61
37 66
38 57
39 61
40 56
41 72
42 64
43 74
44 76
45 82
46 84
47 86
48 98
49 93
50 96
51 94
52 79
53 86
54 80
55 71
56 87
57 74
58 87
59 76
60 90
61 71
62 82
63 65
64 65
65 68
66 64
67 64
68 70
69 71
70 71
71 85
72 84
73 85
74 98
75 78
76 91
77 73
78 61
79 64
80 64
81 62
82 73
83 75
84 80
85 82
86 68
87 72
88 66
89 66
90 73
91 74
92 60
93 50
94 45
95 42
96 37
97 37
98 43
99 47
100 53
101 60
102 53
103 62
104 67
105 63
106 69
107 60
108 66
109 66
110 72
111 74
112 62
113 59
114 64
115 63
116 71
117 76
118 88
119 77
120 68
121 71
122 80
123 81
124 77
125 82
126 78
127 75
128 81
129 72
130 69
131 73
132 55
133 55
134 47
135 52
136 51
137 52
138 60
139 61
140 70
141 60
142 74
143 65
144 77
145 70
146 76
147 72
148 72
149 74
150 86
151 79
152 90
153 88
154 97
155 92
156 106
157 101
158 104
159 94
160 100
161 95
162 109
163 103
164 112
165 112
166 109
167 102
168 109
169 106
170 122
171 107
172 128
173 87
174 86
175 82
176 89
177 76
178 78
179 83
180 96
181 102
182 105
183 98
184 93
185 87
186 84
187 79
188 83
189 86
190 79
191 83
192 81
193 80
194 88
195 76
196 81
197 78
198 87
199 76
200 89
201 82
202 81
203 81
204 96
205 91
206 106
207 102
208 124
209 115
210 95
211 94
212 99
213 95
214 102
215 96
216 112
217 93
218 98
219 89
220 114
221 104
222 108
223 94
224 107
225 98
226 102
227 92
228 92
229 81
230 78
231 89
232 73
233 83
234 80
235 91
236 92
237 96
238 102
239 110
240 124
241 104
242 106
243 105
244 111
245 109
246 113
247 101
248 97
249 99
250 120
251 106
252 106
253 93
254 114
255 96
256 114
257 100
258 103
259 94
260 99
261 100
262 116
263 125
264 121
265 157
266 108
267 128
268 119
269 123
270 112
271 124
272 109
273 102
274 120
275 86
276 100
277 95
278 87
279 98
280 86
281 82
282 87
283 94
284 91
285 97
286 81
287 94
288 84
289 85
290 89
291 84
292 103
293 87
294 94
295 94
296 92
297 103
298 92
299 83
300 85
301 82
302 79
303 69
304 77
305 80
306 73
307 71
308 78
309 79
310 84
311 72
312 68
313 73
314 74
315 73
316 78
317 75
318 70
319 69
320 66
321 73
322 71
323 70
324 73
325 77
326 85
327 70
328 56
329 58
330 53
331 58
332 58
333 55
334 53
335 53
336 60
337 48
338 50
339 46
340 43
341 40
342 45
343 43
344 47
345 41
346 48
347 42
348 42
349 46
350 45
351 48
352 47
353 46
354 55
355 55
356 68
357 71
358 81
359 82
360 82
361 79
362 93
363 55
364 61
365 62
366 63
367 68
368 73
369 83
370 80
371 98
372 80
373 83
374 83
375 87
376 86
377 90
378 83
379 66
380 72
381 67
382 71
383 81
384 91
385 91
386 95
387 89
388 91
389 87
390 88
391 78
392 75
393 78
394 69
395 77
396 69
397 82
398 82
399 93
400 91
401 86
402 88
403 88
404 79
405 86
406 90
407 100
408 91
409 99
410 102
411 108
412 97
413 95
414 93
415 104
416 103
417 114
418 100
419 111
420 97
421 96
422 100
423 102
424 120
425 99
426 117
427 110
428 121
429 114
430 146
431 106
432 120
433 97
434 95
435 98
436 87
437 71
438 67
439 70
440 70
441 66
442 68
443 66
444 77
445 76
446 80
447 62
448 58
449 54
450 55
451 60
452 68
453 60
454 62
455 62
456 72
457 74
458 74
459 65
460 60
461 56
462 53
463 52
464 51
465 48
466 46
467 54
468 50
469 58
470 56
471 59
472 64
473 60
474 60
475 60
476 71
477 59
478 59
479 65
480 64
481 55
482 58
483 48
484 60
485 48
486 45
487 48
488 55
489 51
490 53
491 59
492 55
493 63
494 67
495 64
496 59
497 54
498 56
499 53
500 64
501 56
502 65
503 51
504 50
505 51
506 61
507 59
508 64
509 71
510 70
511 82
512 71
513 66
514 58
515 63
516 62
517 71
518 76
519 78
520 83
521 86
522 90
523 106
524 97
525 103
526 95
527 110
528 89
529 105
530 81
531 85
532 85
533 79
534 81
535 79
536 81
537 89
538 97
539 109
540 102
541 109
542 108
543 107
544 125
545 122
546 129
547 135
548 134
549 142
550 142
551 165
552 130
553 144
554 131
555 114
556 129
557 123
558 143
559 131
560 130
561 130
562 112
563 121
564 118
565 106
566 106
567 120
568 115
569 97
570 95
571 101
572 94
573 85
574 90
575 86
576 82
577 96
578 101
579 120
580 113
581 120
582 112
583 118
584 86
585 89
586 78
587 88
588 76
589 87
590 77
591 94
592 80
593 79
594 70
595 65
596 64
597 70
598 63
599 70
600 69
601 75
602 67
603 67
604 65
605 67
606 78
607 85
608 92
609 83
610 80
611 73
612 69
613 67
614 65
615 59
616 68
617 68
618 78
619 77
620 87
621 81
622 90
623 96
624 109
625 90
626 101
627 91
628 85
629 82
630 87
631 76
632 73
633 68
634 75
635 76
636 83
637 85
638 94
639 96
640 94
641 100
642 97
643 87
644 96
645 89
646 99
647 110
648 98
649 97
650 108
651 123
652 116
653 112
654 106
655 94
656 102
657 106
658 105
659 128
660 129
661 137
662 121
663 146
664 120
665 120
666 117
667 114
668 103
669 95
670 108
671 107
672 122
673 128
674 118
675 121
676 134
677 121
678 137
679 147
680 146
681 151
682 156
683 165
684 161
685 176
686 189
687 198
688 188
689 183
690 187
691 162
692 168
693 178
694 180
695 168
696 168
697 158
698 162
699 141
700 140
701 129
702 141
703 138
704 129
705 116
706 112
707 125
708 117
709 130
710 121
711 136
712 138
713 140
714 140
715 149
716 159
717 156
718 170
719 175
720 188
721 173
722 197
723 168
724 191
725 174
726 165
727 158
728 170
729 160
730 145
731 130
732 130
733 123
734 127
735 125
736 144
737 138
738 145
739 148
740 127
741 127
742 121
743 138
744 132
745 127
746 148
747 137
748 131
749 127
750 142
751 139
752 158
753 159
754 157
755 175
756 180
757 189
758 189
759 180
760 153
761 162
762 165
763 170
764 162
765 162
766 151
767 151
768 131
769 132
770 128
771 117
772 117
773 108
774 118
775 108
776 114
777 107
778 100
779 104
780 93
781 106
782 100
783 111
784 94
785 92
786 102
787 112
788 109
789 110
790 105
791 116
792 112
793 114
794 120
795 127
796 133
797 143
798 136
799 125
800 118
801 109
802 132
803 124
804 134
805 122
806 120
807 122
808 118
809 130
810 126
811 146
812 149
813 172
814 174
815 171
816 173
817 191
818 177
819 180
820 174
821 176
822 181
823 166
824 167
825 181
826 154
827 180
828 133
829 149
830 143
831 140
832 161
833 150
834 164
835 136
836 133
837 148
838 133
839 137
840 140
841 160
842 151
843 189
844 145
845 150
846 128
847 132
848 134
849 148
850 153
851 166
852 156
853 151
854 162
855 154
856 175
857 171
858 175
859 178
860 192
861 157
862 154
863 160
864 146
865 149
866 134
867 146
868 121
869 135
870 134
871 155
872 129
873 129
874 154
875 120
876 113
877 112
878 107
879 99
880 110
881 108
882 111
883 114
884 115
885 108
886 114
887 133
888 113
889 123
890 113
891 113
892 111
893 126
894 122
895 116
896 108
897 123
898 110
899 95
900 101
901 107
902 112
903 104
904 113
905 128
906 131
907 152
908 147
909 151
910 154
911 143
912 148
913 162
914 140
915 150
916 152
917 169
918 138
919 144
920 128
921 142
922 127
923 124
924 120
925 107
926 107
927 117
928 108
929 107
930 99
931 109
932 94
933 104
934 99
935 106
936 100
937 106
938 109
939 103
940 105
941 100
942 104
943 90
944 86
945 79
946 76
947 81
948 81
949 92
950 90
951 97
952 96
953 106
954 85
955 95
956 94
957 102
958 99
959 101
960 103
961 106
962 103
963 110
964 98
965 110
966 106
967 100
968 94
969 94
970 93
971 105
972 99
973 108
974 116
975 127
976 125
977 124
978 114
979 115
980 115
981 105
982 90
983 82
984 86
985 85
986 83
987 97
988 81
989 96
990 91
991 95
992 103
993 90
994 96
995 80
996 87
997 86
998 80
999 92
1000 86
1001 99
1002 89
1003 89
1004 85
1005 89
1006 87
1007 99
1008 83
1009 87
1010 87
1011 88
1012 95
1013 105
1014 95
1015 112
1016 103
1017 111
1018 103
1019 103
1020 89
1021 79
1022 76
1023 75
1024 73
1025 80
1026 83
1027 88
1028 92
1029 88
1030 93
1031 104
1032 110
1033 119
1034 117
1035 120
1036 105
1037 122
1038 101
1039 92
1040 87
1041 101
1042 84
1043 87
1044 74
1045 78
1046 71
1047 69
1048 76
1049 68
1050 73
1051 74
1052 84
1053 80
1054 80
1055 88
1056 88
1057 93
1058 92
1059 109
1060 101
1061 107
1062 115
1063 109
1064 113
1065 116
1066 126
1067 111
1068 106
1069 111
1070 103
1071 113
1072 106
1073 108
1074 113
1075 108
1076 116
1077 112
1078 125
1079 111
1080 129
1081 112
1082 113
1083 91
1084 72
1085 71
1086 76
1087 73
1088 67
1089 72
1090 72
1091 65
1092 67
1093 73
1094 66
1095 76
1096 71
1097 66
1098 70
1099 71
1100 81
1101 68
1102 76
1103 68
1104 68
1105 66
1106 74
1107 63
1108 69
1109 66
1110 74
1111 66
1112 64
1113 68
1114 70
1115 66
1116 77
1117 69
1118 79
1119 73
1120 77
1121 84
1122 84
1123 89
1124 80
1125 89
1126 76
1127 77
1128 76
1129 78
1130 62
1131 59
1132 62
1133 61
1134 61
1135 62
1136 64
1137 63
1138 61
1139 61
1140 62
1141 62
1142 64
1143 68
1144 55
1145 53
1146 50
1147 51
1148 51
1149 54
1150 55
1151 54
1152 52
1153 50
1154 53
1155 55
1156 60
1157 55
1158 58
1159 55
1160 57
1161 60
1162 66
1163 65
1164 72
1165 66
1166 79
1167 65
1168 64
1169 66
1170 66
1171 62
1172 61
1173 60
1174 62
1175 63
1176 67
1177 62
1178 59
1179 55
1180 51
1181 53
1182 53
1183 53
1184 55
1185 57
1186 55
1187 58
1188 58
1189 60
1190 57
1191 62
1192 52
1193 52
1194 48
1195 49
1196 48
1197 51
1198 47
1199 44
1200 44
1201 44
1202 44
1203 44
1204 44
1205 44
1206 44
1207 44
1208 44
1209 44
1210 44
1211 44
1212 44
1213 44
1214 44
1215 44
1216 44
1217 44
1218 44
1219 44
1220 44
1221 44
1222 44
1223 44
1224 44
1225 44
1226 44
1227 44
1228 44
