1 628
2 335
3 295
4 331
5 299
6 279
7 301
8 276
9 285
10 270
11 270
12 246
13 274
14 241
15 198
16 216
17 204
18 215
19 222
20 214
21 238
22 208
23 205
24 184
25 180
26 154
27 159
28 148
29 160
30 154
31 151
32 160
33 149
34 144
35 138
36 131
37 123
38 131
39 120
40 120
41 115
42 120
43 120
44 124
45 133
46 118
47 141
48 125
49 128
50 123
51 123
52 140
53 129
54 120
55 120
56 117
57 112
58 128
59 121
60 129
61 118
62 138
63 133
64 131
65 127
66 123
67 132
68 122
69 120
70 124
71 138
72 128
73 141
74 135
75 143
76 112
77 105
78 102
79 112
80 103
81 101
82 106
83 99
84 98
85 100
86 97
87 99
88 105
89 93
90 100
91 95
92 104
93 95
94 95
95 102
96 102
97 105
98 104
99 120
100 100
101 97
102 85
103 99
104 90
105 110
106 105
107 114
108 122
109 130
110 111
111 121
112 119
113 99
114 103
115 95
116 84
117 88
118 74
119 62
120 61
121 57
122 58
123 59
124 61
125 63
126 65
127 69
128 67
129 70
130 74
131 70
132 73
133 72
134 73
135 72
136 66
137 71
138 67
139 74
140 66
141 63
142 62
143 63
144 68
145 68
146 75
147 67
148 70
149 71
150 73
151 75
152 82
153 83
154 80
155 80
156 90
157 87
158 82
159 91
160 74
161 76
162 73
163 81
164 75
165 85
166 77
167 82
168 77
169 77
170 82
171 76
172 78
173 77
174 81
175 75
176 83
177 76
178 81
179 67
180 65
181 71
182 79
183 82
184 75
185 75
186 87
187 81
188 84
189 85
190 88
191 93
192 101
193 101
194 99
195 105
196 106
197 117
198 105
199 115
200 92
201 97
202 88
203 81
204 87
205 82
206 84
207 83
208 88
209 88
210 93
211 87
212 105
213 89
214 95
215 90
216 100
217 88
218 90
219 84
220 76
221 76
222 73
223 71
224 76
225 83
226 75
227 83
228 81
229 79
230 74
231 69
232 73
233 66
234 62
235 68
236 70
237 70
238 58
239 53
240 53
241 52
242 51
243 51
244 51
245 52
246 54
247 54
248 59
249 55
250 59
251 57
252 54
253 59
254 62
255 58
256 60
257 51
258 49
259 52
260 50
261 52
262 53
263 50
264 51
265 48
266 50
267 46
268 47
269 47
270 52
271 46
272 50
273 48
274 44
275 41
276 39
277 42
278 41
279 41
280 43
281 43
282 47
283 47
284 55
285 47
286 47
287 47
288 47
289 47
290 47
291 47
292 47
293 47
294 47
295 47
296 47
297 47
298 47
299 47
300 47
301 47
302 47
303 47
304 47
305 47
306 47
307 47
308 47
309 47
310 47
311 47
312 47
313 47
314 47
