# density: 0
1 0
2 0
3 0
4 0
5 0
6 0
7 0
8 0
9 0
10 0
11 0
12 0
13 0
14 0
15 0
16 0
17 0
18 0
19 0
20 0
21 0
22 0
23 0
24 0
25 0
26 0
27 0
28 0
29 0
# density: 0,1
1 125
2 60
3 51
4 45
5 50
6 43
7 31
8 31
9 26
10 19
11 24
12 17
13 17
14 16
15 19
16 22
17 25
18 25
19 29
20 31
21 41
22 31
23 38
24 33
25 43
26 36
27 52
28 45
29 51
30 36
31 37
32 35
33 33
34 38
35 38
36 45
37 40
38 35
39 40
40 37
41 40
42 42
43 42
44 34
45 29
46 32
47 29
48 32
49 37
50 39
51 52
52 55
53 69
54 54
55 60
56 59
57 75
58 69
59 76
60 74
61 95
62 79
63 92
64 91
65 108
66 100
67 105
68 115
69 98
70 107
71 94
72 72
73 71
74 88
75 75
76 79
77 70
78 71
79 66
80 62
81 76
82 68
83 80
84 75
85 84
86 76
87 90
88 78
89 93
90 101
91 98
92 117
93 116
94 119
95 134
96 121
97 117
98 124
99 99
100 107
101 105
102 113
103 111
104 109
105 108
106 96
107 101
108 95
109 114
110 113
111 120
112 105
113 108
114 104
115 112
116 122
117 126
118 120
119 120
120 117
121 121
122 123
123 129
124 125
125 115
126 124
127 102
128 114
129 104
130 79
131 80
132 78
133 91
134 81
135 93
136 93
137 87
138 82
139 68
140 64
141 63
142 62
143 72
144 62
145 69
146 69
147 74
148 75
149 69
150 62
151 70
152 59
153 55
154 52
155 53
156 55
157 49
158 55
159 54
160 59
161 64
162 69
163 63
164 73
165 68
166 68
167 62
168 64
169 65
170 68
171 71
172 76
173 75
174 99
175 73
176 74
177 72
178 74
179 78
180 80
181 78
182 72
183 78
184 77
185 84
186 68
187 61
188 60
189 62
190 63
191 61
192 68
193 62
194 61
195 68
196 62
197 66
198 62
199 53
200 51
201 42
202 43
203 42
204 42
205 44
206 44
207 48
208 48
209 56
210 48
211 48
212 48
213 48
214 48
215 48
216 48
217 48
218 48
219 48
220 48
221 48
222 48
223 48
224 48
225 48
226 48
227 48
228 48
229 48
230 48
231 48
232 48
233 48
234 48
235 48
236 48
237 48
238 48
239 48
# density: 0,2
1 224
2 211
3 194
4 187
5 197
6 190
7 194
8 190
9 191
10 183
11 230
12 216
13 217
14 224
15 221
16 204
17 208
18 212
19 196
20 216
21 202
22 198
23 210
24 199
25 200
26 217
27 194
28 213
29 197
30 204
31 204
32 206
33 192
34 206
35 209
36 216
37 203
38 209
39 228
40 222
41 229
42 213
43 197
44 196
45 189
46 191
47 173
48 174
49 175
50 190
51 185
52 206
53 217
54 189
55 185
56 196
57 206
58 186
59 186
60 187
61 169
62 161
63 164
64 169
65 171
66 196
67 181
68 181
69 197
70 177
71 177
72 176
73 193
74 197
75 189
76 177
77 151
78 167
79 137
80 133
81 130
82 137
83 111
84 124
85 119
86 102
87 94
88 96
89 96
90 99
91 96
92 100
93 97
94 111
95 122
96 136
97 132
98 132
99 130
100 134
101 132
102 139
103 117
104 126
105 116
106 106
107 101
108 104
109 87
110 85
111 82
112 85
113 93
114 96
115 85
116 82
117 87
118 97
119 96
120 101
121 100
122 103
123 99
124 91
125 88
126 102
127 90
128 99
129 89
130 102
131 92
132 99
133 100
134 103
135 112
136 105
137 119
138 110
139 134
140 97
141 102
142 101
143 95
144 95
145 85
146 89
147 89
148 75
149 70
150 70
151 74
152 71
153 81
154 82
155 98
156 100
157 99
158 93
159 87
160 92
161 85
162 96
163 82
164 88
165 84
166 98
167 91
168 81
169 85
170 91
171 87
172 98
173 87
174 96
175 89
176 92
177 92
178 94
179 81
180 98
181 85
182 82
183 86
184 88
185 90
186 99
187 97
188 106
189 114
190 96
191 106
192 86
193 92
194 77
195 80
196 73
197 71
198 73
199 75
200 77
201 73
202 81
203 83
204 87
205 100
206 80
207 102
208 81
209 90
210 81
211 91
212 82
213 79
214 90
215 82
216 89
217 98
218 96
219 90
220 94
221 97
222 91
223 97
224 91
225 86
226 78
227 71
228 73
229 75
230 74
231 64
232 60
233 57
234 57
235 60
236 58
237 66
238 59
239 64
240 62
241 63
242 71
243 67
244 69
245 69
246 65
247 63
248 61
249 62
250 59
251 61
252 61
253 63
254 61
255 62
256 65
257 67
258 71
259 75
260 73
261 70
262 76
263 76
264 85
265 75
266 80
267 76
268 79
269 77
270 85
271 86
272 83
273 85
274 81
275 90
276 91
277 98
278 92
279 88
280 91
281 95
282 92
283 85
284 77
285 84
286 75
287 81
288 78
289 89
290 90
291 93
292 89
293 96
294 92
295 96
296 99
297 97
298 99
299 99
300 100
301 104
302 111
303 113
304 122
305 127
306 132
307 133
308 116
309 134
310 122
311 131
312 117
313 117
314 96
315 89
316 88
317 92
318 91
319 77
320 75
321 76
322 70
323 76
324 70
325 70
326 77
327 76
328 79
329 71
330 69
331 66
332 65
333 70
334 67
335 74
336 64
337 60
338 59
339 62
340 61
341 67
342 62
343 69
344 67
345 74
346 75
347 73
348 70
349 75
350 65
351 71
352 64
353 65
354 70
355 66
356 74
357 66
358 63
359 59
360 60
361 60
362 53
363 56
364 61
365 64
366 68
367 66
368 64
369 59
370 58
371 58
372 54
373 59
374 57
375 55
376 60
377 49
378 47
379 40
380 37
381 36
382 37
383 38
384 39
385 42
386 41
387 47
388 42
389 49
390 47
391 52
392 57
393 58
394 58
395 64
396 53
397 60
398 52
399 52
400 51
401 58
402 54
403 50
404 47
405 44
406 39
407 35
408 33
409 33
410 32
411 31
412 32
413 31
414 31
415 33
416 33
417 37
418 37
419 45
420 37
421 37
422 37
423 37
424 37
425 37
426 37
427 37
428 38
429 40
430 36
431 34
432 34
433 33
434 33
435 33
436 33
437 35
438 31
439 28
440 25
441 24
442 24
443 24
444 24
445 24
446 24
447 24
448 24
449 24
450 24
451 24
452 24
453 24
454 24
455 24
456 24
457 24
458 24
459 24
460 24
461 24
462 24
463 24
464 24
465 24
466 24
467 24
468 24
469 24
470 24
# density: 0,3
1 364
2 395
3 361
4 361
5 337
6 362
7 367
8 366
9 370
10 318
11 303
12 310
13 255
14 271
15 253
16 288
17 233
18 238
19 206
20 229
21 229
22 254
23 242
24 228
25 254
26 241
27 256
28 215
29 232
30 214
31 234
32 229
33 252
34 244
35 220
36 221
37 214
38 227
39 185
40 180
41 168
42 177
43 172
44 164
45 130
46 125
47 115
48 115
49 92
50 92
51 91
52 93
53 91
54 90
55 91
56 98
57 94
58 104
59 105
60 106
61 101
62 116
63 113
64 93
65 95
66 96
67 81
68 91
69 83
70 94
71 98
72 106
73 93
74 101
75 101
76 105
77 102
78 89
79 94
80 96
81 108
82 90
83 100
84 96
85 99
86 93
87 107
88 94
89 108
90 87
91 83
92 90
93 87
94 72
95 67
96 74
97 69
98 65
99 68
100 68
101 69
102 74
103 68
104 73
105 73
106 79
107 82
108 87
109 96
110 80
111 93
112 92
113 92
114 95
115 89
116 86
117 101
118 86
119 88
120 86
121 77
122 75
123 64
124 72
125 67
126 74
127 65
128 59
129 65
130 60
131 53
132 56
133 53
134 50
135 57
136 50
137 50
138 53
139 55
140 59
141 61
142 64
143 66
144 74
145 70
146 71
147 74
148 71
149 72
150 67
151 59
152 64
153 52
154 50
155 50
156 44
157 46
158 45
159 45
160 43
161 43
162 42
163 40
164 46
165 38
166 39
167 41
168 44
169 41
170 45
171 45
172 50
173 49
174 49
175 45
176 39
177 32
178 33
179 34
180 35
181 37
182 41
183 41
184 43
185 41
186 45
187 43
188 52
189 49
190 54
191 61
192 53
193 60
194 52
195 51
196 47
197 45
198 42
199 42
200 43
201 43
202 45
203 46
204 51
205 48
206 50
207 49
208 46
209 48
210 50
211 51
212 52
213 51
214 51
215 52
216 53
217 55
218 57
219 52
220 52
221 52
222 55
223 59
224 63
225 68
226 69
227 77
228 70
229 71
230 65
231 61
232 59
233 64
234 58
235 58
236 61
237 60
238 62
239 58
240 53
241 46
242 50
243 40
244 34
245 33
246 33
247 33
248 33
249 33
250 33
251 33
252 33
253 33
254 33
255 33
256 33
257 33
258 33
259 33
260 33
261 33
262 33
263 33
264 33
265 33
266 33
267 33
268 33
269 33
270 33
271 33
272 33
273 33
274 33
# density: 0,4
1 499
2 452
3 357
4 372
5 346
6 325
7 330
8 310
9 307
10 295
11 329
12 304
13 321
14 286
15 281
16 262
17 244
18 238
19 215
20 232
21 221
22 222
23 222
24 211
25 241
26 204
27 212
28 188
29 201
30 194
31 188
32 184
33 181
34 164
35 154
36 156
37 148
38 148
39 153
40 155
41 168
42 158
43 178
44 186
45 160
46 175
47 176
48 176
49 178
50 159
51 185
52 168
53 163
54 166
55 198
56 183
57 181
58 188
59 184
60 178
61 166
62 180
63 170
64 159
65 167
66 166
67 140
68 142
69 138
70 152
71 140
72 143
73 140
74 150
75 154
76 145
77 142
78 138
79 141
80 129
81 149
82 149
83 140
84 152
85 140
86 123
87 135
88 113
89 111
90 89
91 80
92 85
93 94
94 89
95 87
96 83
97 91
98 88
99 84
100 80
101 83
102 83
103 84
104 85
105 91
106 89
107 93
108 96
109 91
110 86
111 92
112 84
113 89
114 99
115 95
116 98
117 102
118 95
119 95
120 103
121 97
122 93
123 102
124 88
125 113
126 81
127 83
128 77
129 90
130 91
131 90
132 89
133 87
134 91
135 105
136 106
137 116
138 126
139 147
140 154
141 159
142 166
143 193
144 188
145 193
146 194
147 201
148 199
149 199
150 204
151 213
152 187
153 185
154 215
155 192
156 188
157 163
158 164
159 157
160 146
161 148
162 155
163 145
164 146
165 139
166 141
167 133
168 131
169 132
170 128
171 133
172 118
173 124
174 125
175 141
176 134
177 152
178 139
179 132
180 142
181 128
182 132
183 145
184 158
185 153
186 137
187 125
188 124
189 111
190 112
191 107
192 107
193 111
194 118
195 120
196 102
197 101
198 101
199 96
200 101
201 107
202 110
203 126
204 119
205 129
206 124
207 133
208 133
209 151
210 103
211 105
212 106
213 115
214 112
215 121
216 127
217 126
218 137
219 121
220 134
221 133
222 130
223 124
224 125
225 118
226 125
227 124
228 106
229 100
230 80
231 79
232 78
233 78
234 70
235 75
236 75
237 76
238 73
239 78
240 81
241 88
242 94
243 84
244 78
245 82
246 92
247 83
248 70
249 67
250 63
251 66
252 71
253 63
254 58
255 67
256 60
257 67
258 62
259 55
260 48
261 46
262 44
263 42
264 42
265 42
266 42
267 42
268 42
269 42
270 42
271 42
272 42
273 42
274 42
275 42
276 42
277 42
278 42
279 42
280 42
281 42
282 42
283 42
284 42
285 42
286 42
287 42
288 42
289 42
290 42
291 42
292 42
# density: 0,5
1 592
2 389
3 348
4 340
5 330
6 291
7 286
8 265
9 271
10 270
11 256
12 275
13 247
14 249
15 246
16 233
17 228
18 217
19 238
20 227
21 203
22 193
23 190
24 187
25 183
26 180
27 201
28 178
29 187
30 161
31 166
32 169
33 162
34 188
35 158
36 158
37 143
38 151
39 119
40 133
41 124
42 117
43 130
44 109
45 116
46 130
47 101
48 94
49 91
50 87
51 89
52 105
53 91
54 79
55 88
56 73
57 58
58 58
59 48
60 43
61 37
62 31
63 31
64 31
65 31
66 31
67 31
68 31
69 31
70 31
71 31
72 31
73 31
74 31
75 31
76 31
77 31
78 31
79 31
80 31
81 31
82 31
83 31
84 31
85 31
86 31
87 31
88 31
89 31
90 31
91 31
# density: 0,6
1 739
2 207
3 179
4 169
5 179
6 153
7 137
8 118
9 116
10 104
11 105
12 112
13 112
14 113
15 115
16 109
17 99
18 105
19 102
20 111
21 117
22 118
23 134
24 129
25 125
26 121
27 132
28 120
29 139
30 137
31 154
32 160
33 163
34 180
35 163
36 150
37 127
38 108
39 100
40 102
41 102
42 106
43 112
44 116
45 126
46 117
47 121
48 107
49 97
50 94
51 98
52 101
53 97
54 108
55 99
56 108
57 121
58 99
59 96
60 105
61 116
62 116
63 142
64 135
65 131
66 136
67 133
68 135
69 124
70 119
71 117
72 109
73 92
74 95
75 95
76 104
77 100
78 99
79 104
80 98
81 98
82 97
83 96
84 97
85 102
86 110
87 112
88 103
89 109
90 107
91 114
92 122
93 103
94 113
95 97
96 100
97 91
98 77
99 75
100 73
101 79
102 83
103 89
104 96
105 100
106 93
107 94
108 90
109 94
110 94
111 92
112 86
113 93
114 89
115 93
116 93
117 107
118 115
119 125
120 128
121 110
122 119
123 108
124 118
125 113
126 124
127 122
128 128
129 133
130 134
131 153
132 145
133 154
134 136
135 147
136 98
137 108
138 99
139 104
140 109
141 119
142 133
143 121
144 112
145 105
146 127
147 118
148 141
149 122
150 127
151 134
152 138
153 144
154 138
155 151
156 148
157 135
158 158
159 134
160 151
161 122
162 124
163 139
164 148
165 130
166 111
167 89
168 99
169 91
170 107
171 102
172 130
173 106
174 105
175 115
176 118
177 123
178 126
179 121
180 130
181 108
182 115
183 115
184 140
185 133
186 147
187 146
188 152
189 134
190 132
191 136
192 150
193 143
194 163
195 140
196 134
197 122
198 119
199 109
200 106
201 101
202 115
203 119
204 130
205 147
206 156
207 130
208 133
209 134
210 123
211 109
212 115
213 118
214 115
215 118
216 122
217 129
218 121
219 118
220 119
221 113
222 118
223 116
224 113
225 105
226 110
227 115
228 111
229 128
230 117
231 116
232 103
233 112
234 113
235 103
236 105
237 89
238 93
239 76
240 64
241 66
242 63
243 64
244 65
245 64
246 75
247 62
248 73
249 62
250 64
251 63
252 74
253 65
254 67
255 67
256 68
257 71
258 64
259 71
260 60
261 59
262 57
263 56
264 58
265 57
266 55
267 54
268 52
269 52
270 52
271 52
272 52
273 52
274 52
275 54
276 54
277 66
278 54
279 55
280 55
281 55
282 59
283 63
284 60
285 64
286 63
287 72
288 73
289 89
290 74
291 87
292 84
293 99
294 92
295 90
296 97
297 107
298 100
299 106
300 114
301 116
302 121
303 136
304 145
305 133
306 129
307 127
308 111
309 113
310 97
311 97
312 83
313 71
314 73
315 68
316 74
317 73
318 84
319 71
320 70
321 67
322 74
323 70
324 61
325 67
326 67
327 65
328 64
329 76
330 72
331 81
332 71
333 71
334 70
335 62
336 70
337 64
338 70
339 64
340 69
341 69
342 67
343 72
344 78
345 68
346 78
347 77
348 75
349 70
350 78
351 85
352 85
353 83
354 88
355 96
356 93
357 89
358 101
359 91
360 85
361 101
362 93
363 104
364 101
365 111
366 94
367 88
368 77
369 76
370 67
371 63
372 54
373 57
374 56
375 62
376 57
377 59
378 56
379 59
380 56
381 60
382 49
383 54
384 51
385 49
386 52
387 53
388 56
389 48
390 45
391 41
392 40
393 38
394 39
395 40
396 43
397 39
398 42
399 38
400 36
401 36
402 36
403 36
404 37
405 38
406 40
407 43
408 41
409 51
410 45
411 61
412 53
413 69
414 61
415 69
416 73
417 85
418 49
419 53
420 53
421 53
422 53
423 53
424 53
425 53
426 53
427 53
428 53
429 53
430 53
431 53
432 53
433 53
434 53
435 53
436 53
437 53
438 53
439 53
440 53
441 53
442 53
443 53
444 53
445 53
446 53
447 53
448 53
# density: 0,7
1 899
2 45
3 15
4 14
5 12
6 12
7 12
8 12
9 12
10 12
11 12
12 12
13 12
14 12
15 12
16 12
17 12
18 12
19 12
20 12
21 12
22 12
23 12
24 12
25 12
26 12
27 12
28 12
29 12
30 12
31 12
32 12
33 12
34 12
# density: 0,8
1 988
2 14
3 10
4 10
5 12
6 12
7 12
8 12
9 12
10 12
11 12
12 12
13 12
14 12
15 12
16 12
17 12
18 12
19 12
20 12
21 12
22 12
23 12
24 12
25 12
26 12
27 12
28 12
29 12
30 12
31 12
32 12
33 12
34 12
# density: 0,9
1 1132
2 1
3 0
4 0
5 0
6 0
7 0
8 0
9 0
10 0
11 0
12 0
13 0
14 0
15 0
16 0
17 0
18 0
19 0
20 0
21 0
22 0
23 0
24 0
25 0
26 0
27 0
28 0
29 0
30 0
31 0
32 0
# density: 1
1 1250
2 0
3 0
4 0
5 0
6 0
7 0
8 0
9 0
10 0
11 0
12 0
13 0
14 0
15 0
16 0
17 0
18 0
19 0
20 0
21 0
22 0
23 0
24 0
25 0
26 0
27 0
28 0
29 0
30 0
31 0
