1 364
2 395
3 361
4 361
5 337
6 362
7 367
8 366
9 370
10 318
11 303
12 310
13 255
14 271
15 253
16 288
17 233
18 238
19 206
20 229
21 229
22 254
23 242
24 228
25 254
26 241
27 256
28 215
29 232
30 214
31 234
32 229
33 252
34 244
35 220
36 221
37 214
38 227
39 185
40 180
41 168
42 177
43 172
44 164
45 130
46 125
47 115
48 115
49 92
50 92
51 91
52 93
53 91
54 90
55 91
56 98
57 94
58 104
59 105
60 106
61 101
62 116
63 113
64 93
65 95
66 96
67 81
68 91
69 83
70 94
71 98
72 106
73 93
74 101
75 101
76 105
77 102
78 89
79 94
80 96
81 108
82 90
83 100
84 96
85 99
86 93
87 107
88 94
89 108
90 87
91 83
92 90
93 87
94 72
95 67
96 74
97 69
98 65
99 68
100 68
101 69
102 74
103 68
104 73
105 73
106 79
107 82
108 87
109 96
110 80
111 93
112 92
113 92
114 95
115 89
116 86
117 101
118 86
119 88
120 86
121 77
122 75
123 64
124 72
125 67
126 74
127 65
128 59
129 65
130 60
131 53
132 56
133 53
134 50
135 57
136 50
137 50
138 53
139 55
140 59
141 61
142 64
143 66
144 74
145 70
146 71
147 74
148 71
149 72
150 67
151 59
152 64
153 52
154 50
155 50
156 44
157 46
158 45
159 45
160 43
161 43
162 42
163 40
164 46
165 38
166 39
167 41
168 44
169 41
170 45
171 45
172 50
173 49
174 49
175 45
176 39
177 32
178 33
179 34
180 35
181 37
182 41
183 41
184 43
185 41
186 45
187 43
188 52
189 49
190 54
191 61
192 53
193 60
194 52
195 51
196 47
197 45
198 42
199 42
200 43
201 43
202 45
203 46
204 51
205 48
206 50
207 49
208 46
209 48
210 50
211 51
212 52
213 51
214 51
215 52
216 53
217 55
218 57
219 52
220 52
221 52
222 55
223 59
224 63
225 68
226 69
227 77
228 70
229 71
230 65
231 61
232 59
233 64
234 58
235 58
236 61
237 60
238 62
239 58
240 53
241 46
242 50
243 40
244 34
245 33
246 33
247 33
248 33
249 33
250 33
251 33
252 33
253 33
254 33
255 33
256 33
257 33
258 33
259 33
260 33
261 33
262 33
263 33
264 33
265 33
266 33
267 33
268 33
269 33
270 33
271 33
272 33
273 33
274 33
