1 224
2 211
3 194
4 187
5 197
6 190
7 194
8 190
9 191
10 183
11 230
12 216
13 217
14 224
15 221
16 204
17 208
18 212
19 196
20 216
21 202
22 198
23 210
24 199
25 200
26 217
27 194
28 213
29 197
30 204
31 204
32 206
33 192
34 206
35 209
36 216
37 203
38 209
39 228
40 222
41 229
42 213
43 197
44 196
45 189
46 191
47 173
48 174
49 175
50 190
51 185
52 206
53 217
54 189
55 185
56 196
57 206
58 186
59 186
60 187
61 169
62 161
63 164
64 169
65 171
66 196
67 181
68 181
69 197
70 177
71 177
72 176
73 193
74 197
75 189
76 177
77 151
78 167
79 137
80 133
81 130
82 137
83 111
84 124
85 119
86 102
87 94
88 96
89 96
90 99
91 96
92 100
93 97
94 111
95 122
96 136
97 132
98 132
99 130
100 134
101 132
102 139
103 117
104 126
105 116
106 106
107 101
108 104
109 87
110 85
111 82
112 85
113 93
114 96
115 85
116 82
117 87
118 97
119 96
120 101
121 100
122 103
123 99
124 91
125 88
126 102
127 90
128 99
129 89
130 102
131 92
132 99
133 100
134 103
135 112
136 105
137 119
138 110
139 134
140 97
141 102
142 101
143 95
144 95
145 85
146 89
147 89
148 75
149 70
150 70
151 74
152 71
153 81
154 82
155 98
156 100
157 99
158 93
159 87
160 92
161 85
162 96
163 82
164 88
165 84
166 98
167 91
168 81
169 85
170 91
171 87
172 98
173 87
174 96
175 89
176 92
177 92
178 94
179 81
180 98
181 85
182 82
183 86
184 88
185 90
186 99
187 97
188 106
189 114
190 96
191 106
192 86
193 92
194 77
195 80
196 73
197 71
198 73
199 75
200 77
201 73
202 81
203 83
204 87
205 100
206 80
207 102
208 81
209 90
210 81
211 91
212 82
213 79
214 90
215 82
216 89
217 98
218 96
219 90
220 94
221 97
222 91
223 97
224 91
225 86
226 78
227 71
228 73
229 75
230 74
231 64
232 60
233 57
234 57
235 60
236 58
237 66
238 59
239 64
240 62
241 63
242 71
243 67
244 69
245 69
246 65
247 63
248 61
249 62
250 59
251 61
252 61
253 63
254 61
255 62
256 65
257 67
258 71
259 75
260 73
261 70
262 76
263 76
264 85
265 75
266 80
267 76
268 79
269 77
270 85
271 86
272 83
273 85
274 81
275 90
276 91
277 98
278 92
279 88
280 91
281 95
282 92
283 85
284 77
285 84
286 75
287 81
288 78
289 89
290 90
291 93
292 89
293 96
294 92
295 96
296 99
297 97
298 99
299 99
300 100
301 104
302 111
303 113
304 122
305 127
306 132
307 133
308 116
309 134
310 122
311 131
312 117
313 117
314 96
315 89
316 88
317 92
318 91
319 77
320 75
321 76
322 70
323 76
324 70
325 70
326 77
327 76
328 79
329 71
330 69
331 66
332 65
333 70
334 67
335 74
336 64
337 60
338 59
339 62
340 61
341 67
342 62
343 69
344 67
345 74
346 75
347 73
348 70
349 75
350 65
351 71
352 64
353 65
354 70
355 66
356 74
357 66
358 63
359 59
360 60
361 60
362 53
363 56
364 61
365 64
366 68
367 66
368 64
369 59
370 58
371 58
372 54
373 59
374 57
375 55
376 60
377 49
378 47
379 40
380 37
381 36
382 37
383 38
384 39
385 42
386 41
387 47
388 42
389 49
390 47
391 52
392 57
393 58
394 58
395 64
396 53
397 60
398 52
399 52
400 51
401 58
402 54
403 50
404 47
405 44
406 39
407 35
408 33
409 33
410 32
411 31
412 32
413 31
414 31
415 33
416 33
417 37
418 37
419 45
420 37
421 37
422 37
423 37
424 37
425 37
426 37
427 37
428 38
429 40
430 36
431 34
432 34
433 33
434 33
435 33
436 33
437 35
438 31
439 28
440 25
441 24
442 24
443 24
444 24
445 24
446 24
447 24
448 24
449 24
450 24
451 24
452 24
453 24
454 24
455 24
456 24
457 24
458 24
459 24
460 24
461 24
462 24
463 24
464 24
465 24
466 24
467 24
468 24
469 24
470 24
