1 499
2 452
3 357
4 372
5 346
6 325
7 330
8 310
9 307
10 295
11 329
12 304
13 321
14 286
15 281
16 262
17 244
18 238
19 215
20 232
21 221
22 222
23 222
24 211
25 241
26 204
27 212
28 188
29 201
30 194
31 188
32 184
33 181
34 164
35 154
36 156
37 148
38 148
39 153
40 155
41 168
42 158
43 178
44 186
45 160
46 175
47 176
48 176
49 178
50 159
51 185
52 168
53 163
54 166
55 198
56 183
57 181
58 188
59 184
60 178
61 166
62 180
63 170
64 159
65 167
66 166
67 140
68 142
69 138
70 152
71 140
72 143
73 140
74 150
75 154
76 145
77 142
78 138
79 141
80 129
81 149
82 149
83 140
84 152
85 140
86 123
87 135
88 113
89 111
90 89
91 80
92 85
93 94
94 89
95 87
96 83
97 91
98 88
99 84
100 80
101 83
102 83
103 84
104 85
105 91
106 89
107 93
108 96
109 91
110 86
111 92
112 84
113 89
114 99
115 95
116 98
117 102
118 95
119 95
120 103
121 97
122 93
123 102
124 88
125 113
126 81
127 83
128 77
129 90
130 91
131 90
132 89
133 87
134 91
135 105
136 106
137 116
138 126
139 147
140 154
141 159
142 166
143 193
144 188
145 193
146 194
147 201
148 199
149 199
150 204
151 213
152 187
153 185
154 215
155 192
156 188
157 163
158 164
159 157
160 146
161 148
162 155
163 145
164 146
165 139
166 141
167 133
168 131
169 132
170 128
171 133
172 118
173 124
174 125
175 141
176 134
177 152
178 139
179 132
180 142
181 128
182 132
183 145
184 158
185 153
186 137
187 125
188 124
189 111
190 112
191 107
192 107
193 111
194 118
195 120
196 102
197 101
198 101
199 96
200 101
201 107
202 110
203 126
204 119
205 129
206 124
207 133
208 133
209 151
210 103
211 105
212 106
213 115
214 112
215 121
216 127
217 126
218 137
219 121
220 134
221 133
222 130
223 124
224 125
225 118
226 125
227 124
228 106
229 100
230 80
231 79
232 78
233 78
234 70
235 75
236 75
237 76
238 73
239 78
240 81
241 88
242 94
243 84
244 78
245 82
246 92
247 83
248 70
249 67
250 63
251 66
252 71
253 63
254 58
255 67
256 60
257 67
258 62
259 55
260 48
261 46
262 44
263 42
264 42
265 42
266 42
267 42
268 42
269 42
270 42
271 42
272 42
273 42
274 42
275 42
276 42
277 42
278 42
279 42
280 42
281 42
282 42
283 42
284 42
285 42
286 42
287 42
288 42
289 42
290 42
291 42
292 42
