1 125
2 60
3 51
4 45
5 50
6 43
7 31
8 31
9 26
10 19
11 24
12 17
13 17
14 16
15 19
16 22
17 25
18 25
19 29
20 31
21 41
22 31
23 38
24 33
25 43
26 36
27 52
28 45
29 51
30 36
31 37
32 35
33 33
34 38
35 38
36 45
37 40
38 35
39 40
40 37
41 40
42 42
43 42
44 34
45 29
46 32
47 29
48 32
49 37
50 39
51 52
52 55
53 69
54 54
55 60
56 59
57 75
58 69
59 76
60 74
61 95
62 79
63 92
64 91
65 108
66 100
67 105
68 115
69 98
70 107
71 94
72 72
73 71
74 88
75 75
76 79
77 70
78 71
79 66
80 62
81 76
82 68
83 80
84 75
85 84
86 76
87 90
88 78
89 93
90 101
91 98
92 117
93 116
94 119
95 134
96 121
97 117
98 124
99 99
100 107
101 105
102 113
103 111
104 109
105 108
106 96
107 101
108 95
109 114
110 113
111 120
112 105
113 108
114 104
115 112
116 122
117 126
118 120
119 120
120 117
121 121
122 123
123 129
124 125
125 115
126 124
127 102
128 114
129 104
130 79
131 80
132 78
133 91
134 81
135 93
136 93
137 87
138 82
139 68
140 64
141 63
142 62
143 72
144 62
145 69
146 69
147 74
148 75
149 69
150 62
151 70
152 59
153 55
154 52
155 53
156 55
157 49
158 55
159 54
160 59
161 64
162 69
163 63
164 73
165 68
166 68
167 62
168 64
169 65
170 68
171 71
172 76
173 75
174 99
175 73
176 74
177 72
178 74
179 78
180 80
181 78
182 72
183 78
184 77
185 84
186 68
187 61
188 60
189 62
190 63
191 61
192 68
193 62
194 61
195 68
196 62
197 66
198 62
199 53
200 51
201 42
202 43
203 42
204 42
205 44
206 44
207 48
208 48
209 56
210 48
211 48
212 48
213 48
214 48
215 48
216 48
217 48
218 48
219 48
220 48
221 48
222 48
223 48
224 48
225 48
226 48
227 48
228 48
229 48
230 48
231 48
232 48
233 48
234 48
235 48
236 48
237 48
238 48
239 48
