1 592
2 389
3 348
4 340
5 330
6 291
7 286
8 265
9 271
10 270
11 256
12 275
13 247
14 249
15 246
16 233
17 228
18 217
19 238
20 227
21 203
22 193
23 190
24 187
25 183
26 180
27 201
28 178
29 187
30 161
31 166
32 169
33 162
34 188
35 158
36 158
37 143
38 151
39 119
40 133
41 124
42 117
43 130
44 109
45 116
46 130
47 101
48 94
49 91
50 87
51 89
52 105
53 91
54 79
55 88
56 73
57 58
58 58
59 48
60 43
61 37
62 31
63 31
64 31
65 31
66 31
67 31
68 31
69 31
70 31
71 31
72 31
73 31
74 31
75 31
76 31
77 31
78 31
79 31
80 31
81 31
82 31
83 31
84 31
85 31
86 31
87 31
88 31
89 31
90 31
91 31
