1 739
2 207
3 179
4 169
5 179
6 153
7 137
8 118
9 116
10 104
11 105
12 112
13 112
14 113
15 115
16 109
17 99
18 105
19 102
20 111
21 117
22 118
23 134
24 129
25 125
26 121
27 132
28 120
29 139
30 137
31 154
32 160
33 163
34 180
35 163
36 150
37 127
38 108
39 100
40 102
41 102
42 106
43 112
44 116
45 126
46 117
47 121
48 107
49 97
50 94
51 98
52 101
53 97
54 108
55 99
56 108
57 121
58 99
59 96
60 105
61 116
62 116
63 142
64 135
65 131
66 136
67 133
68 135
69 124
70 119
71 117
72 109
73 92
74 95
75 95
76 104
77 100
78 99
79 104
80 98
81 98
82 97
83 96
84 97
85 102
86 110
87 112
88 103
89 109
90 107
91 114
92 122
93 103
94 113
95 97
96 100
97 91
98 77
99 75
100 73
101 79
102 83
103 89
104 96
105 100
106 93
107 94
108 90
109 94
110 94
111 92
112 86
113 93
114 89
115 93
116 93
117 107
118 115
119 125
120 128
121 110
122 119
123 108
124 118
125 113
126 124
127 122
128 128
129 133
130 134
131 153
132 145
133 154
134 136
135 147
136 98
137 108
138 99
139 104
140 109
141 119
142 133
143 121
144 112
145 105
146 127
147 118
148 141
149 122
150 127
151 134
152 138
153 144
154 138
155 151
156 148
157 135
158 158
159 134
160 151
161 122
162 124
163 139
164 148
165 130
166 111
167 89
168 99
169 91
170 107
171 102
172 130
173 106
174 105
175 115
176 118
177 123
178 126
179 121
180 130
181 108
182 115
183 115
184 140
185 133
186 147
187 146
188 152
189 134
190 132
191 136
192 150
193 143
194 163
195 140
196 134
197 122
198 119
199 109
200 106
201 101
202 115
203 119
204 130
205 147
206 156
207 130
208 133
209 134
210 123
211 109
212 115
213 118
214 115
215 118
216 122
217 129
218 121
219 118
220 119
221 113
222 118
223 116
224 113
225 105
226 110
227 115
228 111
229 128
230 117
231 116
232 103
233 112
234 113
235 103
236 105
237 89
238 93
239 76
240 64
241 66
242 63
243 64
244 65
245 64
246 75
247 62
248 73
249 62
250 64
251 63
252 74
253 65
254 67
255 67
256 68
257 71
258 64
259 71
260 60
261 59
262 57
263 56
264 58
265 57
266 55
267 54
268 52
269 52
270 52
271 52
272 52
273 52
274 52
275 54
276 54
277 66
278 54
279 55
280 55
281 55
282 59
283 63
284 60
285 64
286 63
287 72
288 73
289 89
290 74
291 87
292 84
293 99
294 92
295 90
296 97
297 107
298 100
299 106
300 114
301 116
302 121
303 136
304 145
305 133
306 129
307 127
308 111
309 113
310 97
311 97
312 83
313 71
314 73
315 68
316 74
317 73
318 84
319 71
320 70
321 67
322 74
323 70
324 61
325 67
326 67
327 65
328 64
329 76
330 72
331 81
332 71
333 71
334 70
335 62
336 70
337 64
338 70
339 64
340 69
341 69
342 67
343 72
344 78
345 68
346 78
347 77
348 75
349 70
350 78
351 85
352 85
353 83
354 88
355 96
356 93
357 89
358 101
359 91
360 85
361 101
362 93
363 104
364 101
365 111
366 94
367 88
368 77
369 76
370 67
371 63
372 54
373 57
374 56
375 62
376 57
377 59
378 56
379 59
380 56
381 60
382 49
383 54
384 51
385 49
386 52
387 53
388 56
389 48
390 45
391 41
392 40
393 38
394 39
395 40
396 43
397 39
398 42
399 38
400 36
401 36
402 36
403 36
404 37
405 38
406 40
407 43
408 41
409 51
410 45
411 61
412 53
413 69
414 61
415 69
416 73
417 85
418 49
419 53
420 53
421 53
422 53
423 53
424 53
425 53
426 53
427 53
428 53
429 53
430 53
431 53
432 53
433 53
434 53
435 53
436 53
437 53
438 53
439 53
440 53
441 53
442 53
443 53
444 53
445 53
446 53
447 53
448 53
